 fc =   0.0000000000000000     
 f_ice   =   0.0000000000000000        0.0000000000000000     
 f_smrarea   =   0.0000000000000000        0.0000000000000000     
 f_smrsst    =   0.0000000000000000        0.0000000000000000     
 f_smrsss    =   0.0000000000000000        0.0000000000000000     
